

probabilities of hitting W and L respectively:
H =

    0.5130    0.4870
  
         0.5124    0.4876
  
         0.4795    0.5205
 
         0.5644    0.4356


The time steps are:
4.8873
    4.0035
    3.6222
    3.5529


The average time needed is:
4.015
